name|max_gust
desc|s.in.ascii sites=max_gust input=max_gust.txt fs=space
444975|321275|27.7 
444325|320325|28.3 
444475|318975|28.8 
445425|318925|31.3 
445525|320325|32.1 
446775|321675|28.3 
446975|320125|30.7 
446725|318675|27.5 
445225|318325|31.4 
445475|316675|30.2 
447925|316675|30.5 
446825|315875|29.4 
445175|314675|33.1 
446825|313625|30.9 
444325|314125|29.2 
444725|312025|29.3 
446275|313175|30.3 
446675|313075|28.1 
446575|311725|29.3 
445625|310175|28.2 
448025|310325|29.9 
448375|311875|27 
449675|311075|26.7 
449825|314125|26 
448175|314925|27.4 
449425|316125|28.8 
449125|317225|26.8 
447825|321225|28.9 
450075|311375|26.9 
450475|318975|27.9 
451125|318225|23.9 
451375|314925|27.5 
451325|312775|27.8 
450425|312075|26.2 
453325|311425|25 
455675|310225|24.3 
455525|312725|24.8 
455025|314925|24.7 
455425|316575|23.3 
453575|318775|24.8 
455325|319025|20.3 
455625|321575|20.6 

