name|sunshine
desc|s.in.ascii sites=sunshine input=sunshine.txt fs=space
444975|321275|4 
444325|320325|4.6 
444475|318975|4.7 
445425|318925|4.2 
445525|320325|4.1 
446775|321675|4.6 
446975|320125|4.5 
446725|318675|4.2 
445225|318325|4.5 
445475|316675|4 
447925|316675|4.8 
446825|315875|4.1 
445175|314675|4.4 
446825|313625|4.5 
444325|314125|4.6 
444725|312025|4.5 
446275|313175|4.4 
446675|313075|4.3 
446575|311725|4.7 
445625|310175|5 
448025|310325|4 
448375|311875|4.6 
449675|311075|4 
449825|314125|4.9 
448175|314925|4.6 
449425|316125|4.2 
449125|317225|4.8 
447825|321225|4 
450075|311375|4.8 
450475|318975|4.6 
451125|318225|4.3 
451375|314925|4.1 
451325|312775|4.5 
450425|312075|4 
453325|311425|4.7 
455675|310225|4.4 
455525|312725|4.2 
455025|314925|5 
455425|316575|4.4 
453575|318775|4.9 
455325|319025|4.9 
455625|321575|4.6 


