name|t_abs_min
desc|s.in.ascii sites=t_abs_min input=t_abs_min.txt fs=space
444975|321275|-26.5 
444325|320325|-28.9 
444475|318975|-25 
445425|318925|-27.4 
445525|320325|-26.5 
446775|321675|-27.9 
446975|320125|-27.6 
446725|318675|-27.8 
445225|318325|-26.2 
445475|316675|-21.9 
447925|316675|-25.3 
446825|315875|-24.6 
445175|314675|-22.6 
446825|313625|-22.5 
444325|314125|-23.6 
444725|312025|-22.5 
446275|313175|-19.1 
446675|313075|-22.8 
446575|311725|-19.8 
445625|310175|-22.2 
448025|310325|-19.8 
448375|311875|-20.3 
449675|311075|-20.5 
449825|314125|-21 
448175|314925|-22.1 
449425|316125|-22 
449125|317225|-25.3 
447825|321225|-27.3 
450075|311375|-22.9 
450475|318975|-27.1 
451125|318225|-26 
451375|314925|-22 
451325|312775|-19.9 
450425|312075|-22.9 
453325|311425|-20.8 
455675|310225|-22 
455525|312725|-26 
455025|314925|-24 
455425|316575|-24.3 
453575|318775|-28.3 
455325|319025|-29.2 
455625|321575|-29.2 
