name|t_abs_max
desc|s.in.ascii sites=t_abs_max input=t_abs_max.txt fs=space
444975|321275|33.2 
444325|320325|31.1 
444475|318975|32.2 
445425|318925|32.6 
445525|320325|34.1 
446775|321675|32.7 
446975|320125|32.2 
446725|318675|34.4 
445225|318325|33 
445475|316675|30.9 
447925|316675|31.3 
446825|315875|32.6 
445175|314675|30.9 
446825|313625|32.1 
444325|314125|33.6 
444725|312025|31.7 
446275|313175|31.1 
446675|313075|33.4 
446575|311725|30.3 
445625|310175|32.6 
448025|310325|33.4 
448375|311875|31.8 
449675|311075|33.9 
449825|314125|30.1 
448175|314925|32.1 
449425|316125|31.1 
449125|317225|32.1 
447825|321225|31.3 
450075|311375|30.9 
450475|318975|31.3 
451125|318225|32.1 
451375|314925|32.4 
451325|312775|33.8 
450425|312075|32.2 
453325|311425|33.2 
455675|310225|31 
455525|312725|31.4 
455025|314925|31.5 
455425|316575|32.8 
453575|318775|32.7 
455325|319025|34.2 
455625|321575|31.4 



