name|t_annual_max
desc|s.in.ascii sites=t_annual_max input=t_annual_max.txt fs=space
444975|321275|13.8 
444325|320325|14.5 
444475|318975|14.4 
445425|318925|13.6 
445525|320325|13.9 
446775|321675|14.2 
446975|320125|14.6 
446725|318675|14.5 
445225|318325|14 
445475|316675|13.4 
447925|316675|13.1 
446825|315875|13.6 
445175|314675|12.9 
446825|313625|13.2 
444325|314125|13 
444725|312025|13.2 
446275|313175|11.9 
446675|313075|12.4 
446575|311725|13.2 
445625|310175|13.3 
448025|310325|13.7 
448375|311875|12.9 
449675|311075|13.4 
449825|314125|13.2 
448175|314925|13.4 
449425|316125|13.1 
449125|317225|14 
447825|321225|14.2 
450075|311375|14.5 
450475|318975|14.1 
451125|318225|14.5 
451375|314925|13.5 
451325|312775|12.5 
450425|312075|13.6 
453325|311425|13.7 
455675|310225|14.3 
455525|312725|14.4 
455025|314925|14.6 
455425|316575|14.6 
453575|318775|14.9 
455325|319025|14.6 
455625|321575|14.6 
