name|wind_speed
desc|s.in.ascii sites=wind_speed input=wind_speed.txt fs=space
444975|321275|7.2 
444325|320325|7.6 
444475|318975|7.5 
445425|318925|7.8 
445525|320325|7.5 
446775|321675|7.2 
446975|320125|7.5 
446725|318675|7.5 
445225|318325|7.8 
445475|316675|8.3 
447925|316675|8.3 
446825|315875|8.4 
445175|314675|8.1 
446825|313625|8.3 
444325|314125|8.2 
444725|312025|8.1 
446275|313175|9 
446675|313075|8.6 
446575|311725|8.3 
445625|310175|8.2 
448025|310325|8.4 
448375|311875|8.6 
449675|311075|8 
449825|314125|8.3 
448175|314925|7.9 
449425|316125|8.1 
449125|317225|7.7 
447825|321225|7.3 
450075|311375|7.2 
450475|318975|7.3 
451125|318225|7.5 
451375|314925|8 
451325|312775|8.2 
450425|312075|7.9 
453325|311425|8.1 
455675|310225|7.3 
455525|312725|7.5 
455025|314925|7.5 
455425|316575|7.3 
453575|318775|7.5 
455325|319025|7.5 
455625|321575|7.3 

